Sample	Cutadapt_mqc-generalstats-cutadapt-percent_trimmed	FastQC_mqc-generalstats-fastqc-percent_duplicates	FastQC_mqc-generalstats-fastqc-percent_gc	FastQC_mqc-generalstats-fastqc-avg_sequence_length	FastQC_mqc-generalstats-fastqc-median_sequence_length	FastQC_mqc-generalstats-fastqc-percent_fails	FastQC_mqc-generalstats-fastqc-total_sequences
1AS	3.1586625904934245						
1AS_R1		15.271514423271455	48.0	148.52638962120545	150	9.090909090909092	48178543.0
1AS_R1_001		15.462600623901437	48.0	150.0	150	9.090909090909092	49260255.0
1AS_R2		16.31055180434953	49.0	148.40436737574234	150	18.181818181818183	48178543.0
1AS_R2_001		16.667332620091727	49.0	150.0	150	27.27272727272727	49260255.0
1AW	3.093867125296784						
1AW_R1		15.873343860784956	46.0	148.51141625839185	150	9.090909090909092	63516651.0
1AW_R1_001		16.141398208579233	46.0	150.0	150	9.090909090909092	64895869.0
1AW_R2		16.664558400607206	47.0	148.41178740673843	150	18.181818181818183	63516651.0
1AW_R2_001		17.15632319279898	46.0	150.0	150	18.181818181818183	64895869.0
1BS	3.5836365720651346						
1BS_R1		15.284556505989585	45.0	148.25069542977667	150	9.090909090909092	53749496.0
1BS_R1_001		15.558042361697005	45.0	150.0	150	9.090909090909092	55107846.0
1BS_R2		16.162647794205384	45.0	148.20613145842336	150	18.181818181818183	53749496.0
1BS_R2_001		16.588535462049165	45.0	150.0	150	18.181818181818183	55107846.0
1BW	3.3855971867234125						
1BW_R1		16.101481943297102	46.0	148.32756164702505	150	9.090909090909092	55594613.0
1BW_R1_001		16.403709995644604	45.0	150.0	150	9.090909090909092	56903707.0
1BW_R2		16.8794058096925	46.0	148.23333269718057	150	18.181818181818183	55594613.0
1BW_R2_001		17.31647400246476	46.0	150.0	150	18.181818181818183	56903707.0
1CS	3.072461184411458						
1CS_R1		14.984527417665646	46.0	148.53827204891755	150	9.090909090909092	56353424.0
1CS_R1_001		15.246310699427966	46.0	150.0	150	9.090909090909092	57573776.0
1CS_R2		15.915160506699479	47.0	148.41864231710215	150	18.181818181818183	56353424.0
1CS_R2_001		16.361247550395944	47.0	150.0	150	18.181818181818183	57573776.0
1CW	2.729975229593492						
1CW_R1		15.711820756723199	47.0	148.62863532884404	150	9.090909090909092	49333570.0
1CW_R1_001		15.949889113758346	47.0	150.0	150	9.090909090909092	50257014.0
1CW_R2		16.512035463242768	48.0	148.5305098941755	150	18.181818181818183	49333570.0
1CW_R2_001		16.960658377056163	48.0	150.0	150	18.181818181818183	50257014.0
1DS	2.9032023226447663						
1DS_R1		14.247564087335633	47.0	148.54865752540522	150	9.090909090909092	49208380.0
1DS_R1_001		14.483016823809976	47.0	150.0	150	9.090909090909092	50195192.0
1DS_R2		15.091235089342462	48.0	148.46578749391873	150	18.181818181818183	49208380.0
1DS_R2_001		15.540782322377126	48.0	150.0	150	18.181818181818183	50195192.0
1DW	3.075461068641422						
1DW_R1		16.628828143124508	46.0	148.47348130699046	150	9.090909090909092	58708738.0
1DW_R1_001		16.946012294228268	46.0	150.0	150	9.090909090909092	59963812.0
1DW_R2		17.591795759358448	47.0	148.40978804552057	150	18.181818181818183	58708738.0
1DW_R2_001		18.043783590723024	47.0	150.0	150	18.181818181818183	59963812.0
2AS	2.416091373894523						
2AS_R1		14.603504551123919	49.0	148.76409411717606	150	9.090909090909092	55551688.0
2AS_R1_001		14.900462881436368	49.0	150.0	150	9.090909090909092	56459948.0
2AS_R2		15.54838506449721	50.0	148.65830694469625	150	27.27272727272727	55551688.0
2AS_R2_001		15.972261471147533	50.0	150.0	150	27.27272727272727	56459948.0
2AW	2.9473259457572056						
2AW_R1		15.076772066142112	47.0	148.49086743459222	150	9.090909090909092	59451422.0
2AW_R1_001		15.349873172998201	47.0	150.0	150	9.090909090909092	60648670.0
2AW_R2		15.942842605833548	48.0	148.42039181165424	150	18.181818181818183	59451422.0
2AW_R2_001		16.40159375660916	47.0	150.0	150	18.181818181818183	60648670.0
2BS	3.419874570764867						
2BS_R1		14.765410561335187	45.0	148.36546923406547	150	9.090909090909092	50120093.0
2BS_R1_001		15.031750334951099	45.0	150.0	150	9.090909090909092	51335985.0
2BS_R2		15.631788248370341	46.0	148.29901085778113	150	18.181818181818183	50120093.0
2BS_R2_001		16.045680243011333	46.0	150.0	150	18.181818181818183	51335985.0
2BW	2.890691696039558						
2BW_R1		14.143980973402023	47.0	148.56076429861437	150	9.090909090909092	43974226.0
2BW_R1_001		14.41078944201783	47.0	150.0	150	9.090909090909092	44852582.0
2BW_R2		15.071972228582382	47.0	148.46548739709485	150	18.181818181818183	43974226.0
2BW_R2_001		15.551116752459706	47.0	150.0	150	18.181818181818183	44852582.0
2CS	3.539807978352954						
2CS_R1		16.130118277588693	45.0	148.29820711543022	150	9.090909090909092	54206111.0
2CS_R1_001		16.429029147333807	45.0	150.0	150	9.090909090909092	55565888.0
2CS_R2		17.121990193238148	46.0	148.2323992400045	150	18.181818181818183	54206111.0
2CS_R2_001		17.55870953253718	46.0	150.0	150	18.181818181818183	55565888.0
2CW	2.88462652837399						
2CW_R1		15.122861137150394	47.0	148.55269819265035	150	9.090909090909092	61035727.0
2CW_R1_001		15.428609804360164	47.0	150.0	150	9.090909090909092	62244800.0
2CW_R2		15.98270798512209	48.0	148.45176771630818	150	18.181818181818183	61035727.0
2CW_R2_001		16.481274959541082	48.0	150.0	150	18.181818181818183	62244800.0
2DS	3.4578370425000227						
2DS_R1		16.35176196766345	45.0	148.34179865837177	150	9.090909090909092	54211740.0
2DS_R1_001		16.629038718777537	45.0	150.0	150	9.090909090909092	55538755.0
2DS_R2		17.059164723517284	46.0	148.26798422260566	150	18.181818181818183	54211740.0
2DS_R2_001		17.506514511441267	46.0	150.0	150	18.181818181818183	55538755.0
2DW	3.094079447756205						
2DW_R1		15.208168220150455	46.0	148.4793846088541	150	9.090909090909092	55691279.0
2DW_R1_001		15.487140258858219	46.0	150.0	150	9.090909090909092	56896224.0
2DW_R2		16.05311882119868	47.0	148.4203970068635	150	18.181818181818183	55691279.0
2DW_R2_001		16.517891317172158	47.0	150.0	150	18.181818181818183	56896224.0
3AS	3.0372802398818024						
3AS_R1		14.577604339022358	47.0	148.50043644654008	150	9.090909090909092	55993112.0
3AS_R1_001		14.871487684713387	47.0	150.0	150	9.090909090909092	57175714.0
3AS_R2		15.564791780152447	48.0	148.42313561710947	150	18.181818181818183	55993112.0
3AS_R2_001		16.008737579365643	47.0	150.0	150	18.181818181818183	57175714.0
3AW	2.9292832657639734						
3AW_R1		15.304520602626212	47.0	148.56331907544143	150	9.090909090909092	55773556.0
3AW_R1_001		15.570355186882509	47.0	150.0	150	9.090909090909092	56911890.0
3AW_R2		16.214228622901913	47.0	148.4822048104661	150	18.181818181818183	55773556.0
3AW_R2_001		16.64279500992116	47.0	150.0	150	18.181818181818183	56911890.0
3BS	2.884279284870779						
3BS_R1		14.826686713753034	47.0	148.57759491897264	150	9.090909090909092	53177277.0
3BS_R1_001		15.101401115565409	47.0	150.0	150	9.090909090909092	54240957.0
3BS_R2		15.688410498901774	48.0	148.48612261586842	150	18.181818181818183	53177277.0
3BS_R2_001		16.139678258454225	48.0	150.0	150	18.181818181818183	54240957.0
3BW	3.4204222079370217						
3BW_R1		16.731041523064988	45.0	148.3768594248525	150	9.090909090909092	54895066.0
3BW_R1_001		17.02218521625207	45.0	150.0	150	9.090909090909092	56229134.0
3BW_R2		17.693788214100863	46.0	148.29660325028118	150	18.181818181818183	54895066.0
3BW_R2_001		18.12111790069133	46.0	150.0	150	18.181818181818183	56229134.0
3CS	3.276628186693627						
3CS_R1		16.323879112784596	46.0	148.39249310818178	150	9.090909090909092	57196082.0
3CS_R1_001		16.618562306631233	46.0	150.0	150	9.090909090909092	58507664.0
3CS_R2		17.092005644218133	47.0	148.3282651073897	150	18.181818181818183	57196082.0
3CS_R2_001		17.508151228537926	46.0	150.0	150	18.181818181818183	58507664.0
3CW	2.9892458643937134						
3CW_R1		16.39486348168748	47.0	148.524550862696	150	9.090909090909092	64117197.0
3CW_R1_001		16.673587488319626	46.0	150.0	150	9.090909090909092	65447659.0
3CW_R2		17.44214670716748	47.0	148.43489493154232	150	18.181818181818183	64117197.0
3CW_R2_001		17.92481504017131	47.0	150.0	150	18.181818181818183	65447659.0
3DS	3.1300294916695135						
3DS_R1		15.492925600794578	46.0	148.4484542013184	150	9.090909090909092	56598638.0
3DS_R1_001		15.736905133801315	46.0	150.0	150	9.090909090909092	57830455.0
3DS_R2		16.2568171591286	47.0	148.3821095129533	150	18.181818181818183	56598638.0
3DS_R2_001		16.62275597131648	47.0	150.0	150	18.181818181818183	57830455.0
3DW	3.4848159130814023						
3DW_R1		18.148802311035368	45.0	148.35247810404528	150	9.090909090909092	78933530.0
3DW_R1_001		18.533035889720708	45.0	150.0	150	9.090909090909092	80895491.0
3DW_R2		18.88720685908153	45.0	148.28239869672623	150	18.181818181818183	78933530.0
3DW_R2_001		19.463365186961767	45.0	150.0	150	18.181818181818183	80895491.0
